(kicad_pcb (version 20171130) (host pcbnew 5.1.6+dfsg1-1~bpo10+1)

  (general
    (thickness 1.6)
    (drawings 63)
    (tracks 1430)
    (zones 0)
    (modules 62)
    (nets 62)
  )

  (page A4)
  (title_block
    (title "TH-XWhatsIt Controller pcb and optional plugboards")
    (date 2020-01-31)
    (rev 0.0.3)
    (company "Rainy Day Plans")
    (comment 1 "if plugboards are not needed, delete them ")
    (comment 4 "Licenced under CERN OHL Version 1.2")
  )

  (layers
    (0 F.Cu jumper)
    (31 B.Cu signal)
    (32 B.Adhes user)
    (33 F.Adhes user)
    (34 B.Paste user)
    (35 F.Paste user)
    (36 B.SilkS user)
    (37 F.SilkS user)
    (38 B.Mask user)
    (39 F.Mask user)
    (40 Dwgs.User user)
    (41 Cmts.User user)
    (42 Eco1.User user)
    (43 Eco2.User user)
    (44 Edge.Cuts user)
    (45 Margin user)
    (46 B.CrtYd user)
    (47 F.CrtYd user)
    (48 B.Fab user)
    (49 F.Fab user)
  )

  (setup
    (last_trace_width 0.1524)
    (user_trace_width 0.1524)
    (user_trace_width 0.3048)
    (user_trace_width 0.1524)
    (user_trace_width 0.3048)
    (user_trace_width 0.1524)
    (user_trace_width 0.3048)
    (user_trace_width 0.1524)
    (user_trace_width 0.3048)
    (trace_clearance 0.1524)
    (zone_clearance 0.152)
    (zone_45_only no)
    (trace_min 0.1524)
    (via_size 0.508)
    (via_drill 0.254)
    (via_min_size 0.508)
    (via_min_drill 0.254)
    (user_via 0.508 0.254)
    (user_via 1.016 0.508)
    (user_via 0.508 0.254)
    (user_via 1.016 0.508)
    (user_via 0.508 0.254)
    (user_via 1.016 0.508)
    (user_via 0.508 0.254)
    (user_via 1.016 0.508)
    (uvia_size 0.508)
    (uvia_drill 0.254)
    (uvias_allowed no)
    (uvia_min_size 0.2)
    (uvia_min_drill 0.1)
    (edge_width 0.05)
    (segment_width 0.2)
    (pcb_text_width 0.3)
    (pcb_text_size 1.5 1.5)
    (mod_edge_width 0.12)
    (mod_text_size 1 1)
    (mod_text_width 0.15)
    (pad_size 0.6 0.6)
    (pad_drill 0.3)
    (pad_to_mask_clearance 0.0508)
    (solder_mask_min_width 0.101)
    (aux_axis_origin 102.95 132.3)
    (visible_elements 7FFFF77F)
    (pcbplotparams
      (layerselection 0x010fc_ffffffff)
      (usegerberextensions false)
      (usegerberattributes false)
      (usegerberadvancedattributes false)
      (creategerberjobfile false)
      (excludeedgelayer true)
      (linewidth 0.100000)
      (plotframeref false)
      (viasonmask false)
      (mode 1)
      (useauxorigin true)
      (hpglpennumber 1)
      (hpglpenspeed 20)
      (hpglpendiameter 15.000000)
      (psnegative false)
      (psa4output false)
      (plotreference true)
      (plotvalue true)
      (plotinvisibletext false)
      (padsonsilk false)
      (subtractmaskfromsilk false)
      (outputformat 1)
      (mirror false)
      (drillshape 0)
      (scaleselection 1)
      (outputdirectory "CompactBeamspringP2/"))
  )

  (net 0 "")
  (net 1 COL1)
  (net 2 COL2)
  (net 3 COL3)
  (net 4 COL4)
  (net 5 COL5)
  (net 6 COL6)
  (net 7 COL7)
  (net 8 COL8)
  (net 9 COL9)
  (net 10 COL10)
  (net 11 COL11)
  (net 12 COL12)
  (net 13 COL13)
  (net 14 COL14)
  (net 15 COL15)
  (net 16 COL16)
  (net 17 COL17)
  (net 18 COL18)
  (net 19 COL19)
  (net 20 COL20)
  (net 21 COL21)
  (net 22 COL22)
  (net 23 COL23)
  (net 24 SENSE1)
  (net 25 SENSE2)
  (net 26 SENSE3)
  (net 27 SENSE4)
  (net 28 SETPOINT)
  (net 29 "Net-(R4-Pad2)")
  (net 30 ROW4)
  (net 31 ROW3)
  (net 32 ROW2)
  (net 33 ROW1)
  (net 34 LOADCOL)
  (net 35 CLOCK)
  (net 36 SERIALOUT1)
  (net 37 SERIALOUT2)
  (net 38 MOSI)
  (net 39 ~SELECTDAC)
  (net 40 GNDA)
  (net 41 +5VA)
  (net 42 HEADER2)
  (net 43 HEADER3)
  (net 44 HEADER1)
  (net 45 HEADER4)
  (net 46 BIAS)
  (net 47 "Net-(U7-Pad9)")
  (net 48 RST)
  (net 49 "Net-(J1-Pad15)")
  (net 50 "Net-(U7-Pad7)")
  (net 51 +5VD)
  (net 52 GNDD)
  (net 53 "Net-(NT2-Pad2)")
  (net 54 "Net-(U5-Pad24)")
  (net 55 "Net-(R6-Pad2)")
  (net 56 "Net-(R8-Pad1)")
  (net 57 "Net-(U5-Pad11)")
  (net 58 "Net-(U5-Pad12)")
  (net 59 "Net-(U5-Pad19)")
  (net 60 "Net-(U5-Pad20)")
  (net 61 GND)

  (net_class Default "This is the default net class."
    (clearance 0.1524)
    (trace_width 0.1524)
    (via_dia 0.508)
    (via_drill 0.254)
    (uvia_dia 0.508)
    (uvia_drill 0.254)
    (diff_pair_width 0.1524)
    (diff_pair_gap 0.1524)
    (add_net +5VA)
    (add_net +5VD)
    (add_net BIAS)
    (add_net CLOCK)
    (add_net COL1)
    (add_net COL10)
    (add_net COL11)
    (add_net COL12)
    (add_net COL13)
    (add_net COL14)
    (add_net COL15)
    (add_net COL16)
    (add_net COL17)
    (add_net COL18)
    (add_net COL19)
    (add_net COL2)
    (add_net COL20)
    (add_net COL21)
    (add_net COL22)
    (add_net COL23)
    (add_net COL3)
    (add_net COL4)
    (add_net COL5)
    (add_net COL6)
    (add_net COL7)
    (add_net COL8)
    (add_net COL9)
    (add_net GND)
    (add_net GNDA)
    (add_net GNDD)
    (add_net HEADER1)
    (add_net HEADER2)
    (add_net HEADER3)
    (add_net HEADER4)
    (add_net LOADCOL)
    (add_net MOSI)
    (add_net "Net-(J1-Pad15)")
    (add_net "Net-(NT2-Pad2)")
    (add_net "Net-(R4-Pad2)")
    (add_net "Net-(R6-Pad2)")
    (add_net "Net-(R8-Pad1)")
    (add_net "Net-(U5-Pad11)")
    (add_net "Net-(U5-Pad12)")
    (add_net "Net-(U5-Pad19)")
    (add_net "Net-(U5-Pad20)")
    (add_net "Net-(U5-Pad24)")
    (add_net "Net-(U7-Pad7)")
    (add_net "Net-(U7-Pad9)")
    (add_net ROW1)
    (add_net ROW2)
    (add_net ROW3)
    (add_net ROW4)
    (add_net RST)
    (add_net SENSE1)
    (add_net SENSE2)
    (add_net SENSE3)
    (add_net SENSE4)
    (add_net SERIALOUT1)
    (add_net SERIALOUT2)
    (add_net SETPOINT)
    (add_net ~SELECTDAC)
  )

  (net_class Power ""
    (clearance 0.1524)
    (trace_width 0.3048)
    (via_dia 0.508)
    (via_drill 0.254)
    (uvia_dia 0.508)
    (uvia_drill 0.254)
    (diff_pair_width 0.1524)
    (diff_pair_gap 0.1524)
  )

  (module TH-XWhatsIt:PadsToShort (layer B.Cu) (tedit 5F380A79) (tstamp 5F3DCD4F)
    (at 109 118.545 180)
    (path /5F542CCD)
    (fp_text reference J2 (at 0 -0.5) (layer B.SilkS) hide
      (effects (font (size 1 1) (thickness 0.15)) (justify mirror))
    )
    (fp_text value PadsToShort (at 0 0.5) (layer B.Fab)
      (effects (font (size 1 1) (thickness 0.15)) (justify mirror))
    )
    (pad 1 smd rect (at -1.75 -2.88 180) (size 3 3) (layers B.Cu B.Paste B.Mask)
      (net 48 RST))
    (pad 2 smd rect (at 1.75 -2.88 180) (size 3 3) (layers B.Cu B.Paste B.Mask)
      (net 61 GND))
  )

  (module Package_SO:SOIC-14_3.9x8.7mm_P1.27mm (layer B.Cu) (tedit 5D9F72B1) (tstamp 5F3A972E)
    (at 248.70276 127.11992 270)
    (descr "SOIC, 14 Pin (JEDEC MS-012AB, https://www.analog.com/media/en/package-pcb-resources/package/pkg_pdf/soic_narrow-r/r_14.pdf), generated with kicad-footprint-generator ipc_gullwing_generator.py")
    (tags "SOIC SO")
    (path /5E31E713)
    (attr smd)
    (fp_text reference U2 (at 4.28008 -3.87224 unlocked) (layer B.SilkS)
      (effects (font (size 1 1) (thickness 0.15)) (justify mirror))
    )
    (fp_text value LM339A (at 4.28008 1.90276 unlocked) (layer B.SilkS)
      (effects (font (size 1 1) (thickness 0.15)) (justify mirror))
    )
    (fp_line (start 0 -4.435) (end 1.95 -4.435) (layer B.SilkS) (width 0.12))
    (fp_line (start 0 -4.435) (end -1.95 -4.435) (layer B.SilkS) (width 0.12))
    (fp_line (start 0 4.435) (end 1.95 4.435) (layer B.SilkS) (width 0.12))
    (fp_line (start 0 4.435) (end -3.45 4.435) (layer B.SilkS) (width 0.12))
    (fp_line (start -0.975 4.325) (end 1.95 4.325) (layer B.Fab) (width 0.1))
    (fp_line (start 1.95 4.325) (end 1.95 -4.325) (layer B.Fab) (width 0.1))
    (fp_line (start 1.95 -4.325) (end -1.95 -4.325) (layer B.Fab) (width 0.1))
    (fp_line (start -1.95 -4.325) (end -1.95 3.35) (layer B.Fab) (width 0.1))
    (fp_line (start -1.95 3.35) (end -0.975 4.325) (layer B.Fab) (width 0.1))
    (fp_line (start -3.7 4.58) (end -3.7 -4.58) (layer B.CrtYd) (width 0.05))
    (fp_line (start -3.7 -4.58) (end 3.7 -4.58) (layer B.CrtYd) (width 0.05))
    (fp_line (start 3.7 -4.58) (end 3.7 4.58) (layer B.CrtYd) (width 0.05))
    (fp_line (start 3.7 4.58) (end -3.7 4.58) (layer B.CrtYd) (width 0.05))
    (fp_text user %R (at 0 0 270 unlocked) (layer B.Fab)
      (effects (font (size 0.98 0.98) (thickness 0.15)) (justify mirror))
    )
    (pad 1 smd roundrect (at -2.475 3.81 270) (size 1.95 0.6) (layers B.Cu B.Paste B.Mask) (roundrect_rratio 0.25)
      (net 33 ROW1))
    (pad 2 smd roundrect (at -2.475 2.54 270) (size 1.95 0.6) (layers B.Cu B.Paste B.Mask) (roundrect_rratio 0.25)
      (net 32 ROW2))
    (pad 3 smd roundrect (at -2.475 1.27 270) (size 1.95 0.6) (layers B.Cu B.Paste B.Mask) (roundrect_rratio 0.25)
      (net 41 +5VA))
    (pad 4 smd roundrect (at -2.475 0 270) (size 1.95 0.6) (layers B.Cu B.Paste B.Mask) (roundrect_rratio 0.25)
      (net 28 SETPOINT))
    (pad 5 smd roundrect (at -2.475 -1.27 270) (size 1.95 0.6) (layers B.Cu B.Paste B.Mask) (roundrect_rratio 0.25)
      (net 25 SENSE2))
    (pad 6 smd roundrect (at -2.475 -2.54 270) (size 1.95 0.6) (layers B.Cu B.Paste B.Mask) (roundrect_rratio 0.25)
      (net 28 SETPOINT))
    (pad 7 smd roundrect (at -2.475 -3.81 270) (size 1.95 0.6) (layers B.Cu B.Paste B.Mask) (roundrect_rratio 0.25)
      (net 24 SENSE1))
    (pad 8 smd roundrect (at 2.475 -3.81 270) (size 1.95 0.6) (layers B.Cu B.Paste B.Mask) (roundrect_rratio 0.25)
      (net 28 SETPOINT))
    (pad 9 smd roundrect (at 2.475 -2.54 270) (size 1.95 0.6) (layers B.Cu B.Paste B.Mask) (roundrect_rratio 0.25)
      (net 26 SENSE3))
    (pad 10 smd roundrect (at 2.475 -1.27 270) (size 1.95 0.6) (layers B.Cu B.Paste B.Mask) (roundrect_rratio 0.25)
      (net 28 SETPOINT))
    (pad 11 smd roundrect (at 2.475 0 270) (size 1.95 0.6) (layers B.Cu B.Paste B.Mask) (roundrect_rratio 0.25)
      (net 27 SENSE4))
    (pad 12 smd roundrect (at 2.475 1.27 270) (size 1.95 0.6) (layers B.Cu B.Paste B.Mask) (roundrect_rratio 0.25)
      (net 40 GNDA))
    (pad 13 smd roundrect (at 2.475 2.54 270) (size 1.95 0.6) (layers B.Cu B.Paste B.Mask) (roundrect_rratio 0.25)
      (net 30 ROW4))
    (pad 14 smd roundrect (at 2.475 3.81 270) (size 1.95 0.6) (layers B.Cu B.Paste B.Mask) (roundrect_rratio 0.25)
      (net 31 ROW3))
    (model ${KISYS3DMOD}/Package_SO.3dshapes/SOIC-14_3.9x8.7mm_P1.27mm.wrl
      (at (xyz 0 0 0))
      (scale (xyz 1 1 1))
      (rotate (xyz 0 0 0))
    )
  )

  (module Capacitor_SMD:C_0805_2012Metric_Pad1.15x1.40mm_HandSolder (layer B.Cu) (tedit 5B36C52B) (tstamp 5F3DE244)
    (at 254.77336 126.76178 90)
    (descr "Capacitor SMD 0805 (2012 Metric), square (rectangular) end terminal, IPC_7351 nominal with elongated pad for handsoldering. (Body size source: https://docs.google.com/spreadsheets/d/1BsfQQcO9C6DZCsRaXUlFlo91Tg2WpOkGARC1WS5S8t0/edit?usp=sharing), generated with kicad-footprint-generator")
    (tags "capacitor handsolder")
    (path /5E3583B5)
    (attr smd)
    (fp_text reference C3 (at -2.53822 0.01524 unlocked) (layer B.SilkS)
      (effects (font (size 1 1) (thickness 0.15)) (justify mirror))
    )
    (fp_text value 0U1 (at 0 -1.65 90 unlocked) (layer B.Fab)
      (effects (font (size 1 1) (thickness 0.15)) (justify mirror))
    )
    (fp_line (start 1.85 -0.95) (end -1.85 -0.95) (layer B.CrtYd) (width 0.05))
    (fp_line (start 1.85 0.95) (end 1.85 -0.95) (layer B.CrtYd) (width 0.05))
    (fp_line (start -1.85 0.95) (end 1.85 0.95) (layer B.CrtYd) (width 0.05))
    (fp_line (start -1.85 -0.95) (end -1.85 0.95) (layer B.CrtYd) (width 0.05))
    (fp_line (start -0.261252 -0.71) (end 0.261252 -0.71) (layer B.SilkS) (width 0.12))
    (fp_line (start -0.261252 0.71) (end 0.261252 0.71) (layer B.SilkS) (width 0.12))
    (fp_line (start 1 -0.6) (end -1 -0.6) (layer B.Fab) (width 0.1))
    (fp_line (start 1 0.6) (end 1 -0.6) (layer B.Fab) (width 0.1))
    (fp_line (start -1 0.6) (end 1 0.6) (layer B.Fab) (width 0.1))
    (fp_line (start -1 -0.6) (end -1 0.6) (layer B.Fab) (width 0.1))
    (fp_text user %R (at 0 0 90 unlocked) (layer B.Fab)
      (effects (font (size 0.5 0.5) (thickness 0.08)) (justify mirror))
    )
    (pad 2 smd roundrect (at 1.025 0 90) (size 1.15 1.4) (layers B.Cu B.Paste B.Mask) (roundrect_rratio 0.217391)
      (net 41 +5VA))
    (pad 1 smd roundrect (at -1.025 0 90) (size 1.15 1.4) (layers B.Cu B.Paste B.Mask) (roundrect_rratio 0.217391)
      (net 40 GNDA))
    (model ${KISYS3DMOD}/Capacitor_SMD.3dshapes/C_0805_2012Metric.wrl
      (at (xyz 0 0 0))
      (scale (xyz 1 1 1))
      (rotate (xyz 0 0 0))
    )
  )

  (module TestPoint:TestPoint_Pad_D1.0mm (layer B.Cu) (tedit 5A0F774F) (tstamp 5F3DCF01)
    (at 256.8 129.875)
    (descr "SMD pad as test Point, diameter 1.0mm")
    (tags "test point SMD pad")
    (path /5F551CEB)
    (attr virtual)
    (fp_text reference TP2 (at 0 1.448) (layer B.SilkS) hide
      (effects (font (size 1 1) (thickness 0.15)) (justify mirror))
    )
    (fp_text value "Threshold Voltage" (at 0 -1.55) (layer B.Fab)
      (effects (font (size 1 1) (thickness 0.15)) (justify mirror))
    )
    (fp_circle (center 0 0) (end 0 -0.7) (layer B.SilkS) (width 0.12))
    (fp_circle (center 0 0) (end 1 0) (layer B.CrtYd) (width 0.05))
    (fp_text user %R (at 0 1.45) (layer B.Fab)
      (effects (font (size 1 1) (thickness 0.15)) (justify mirror))
    )
    (pad 1 smd circle (at 0 0) (size 1 1) (layers B.Cu B.Mask)
      (net 28 SETPOINT))
  )

  (module TestPoint:TestPoint_Pad_D1.0mm (layer B.Cu) (tedit 5A0F774F) (tstamp 5F3DCEF9)
    (at 240.95 131.125)
    (descr "SMD pad as test Point, diameter 1.0mm")
    (tags "test point SMD pad")
    (path /5F54F052)
    (attr virtual)
    (fp_text reference TP1 (at 0 1.448) (layer B.SilkS) hide
      (effects (font (size 1 1) (thickness 0.15)) (justify mirror))
    )
    (fp_text value "Dac Output" (at 0 -1.55) (layer B.Fab)
      (effects (font (size 1 1) (thickness 0.15)) (justify mirror))
    )
    (fp_circle (center 0 0) (end 0 -0.7) (layer B.SilkS) (width 0.12))
    (fp_circle (center 0 0) (end 1 0) (layer B.CrtYd) (width 0.05))
    (fp_text user %R (at 0 1.45) (layer B.Fab)
      (effects (font (size 1 1) (thickness 0.15)) (justify mirror))
    )
    (pad 1 smd circle (at 0 0) (size 1 1) (layers B.Cu B.Mask)
      (net 29 "Net-(R4-Pad2)"))
  )

  (module Connector_PinHeader_2.54mm:PinHeader_2x03_P2.54mm_Vertical (layer F.Cu) (tedit 5F3A0E9E) (tstamp 5F3A7627)
    (at 137.64888 117.9429 90)
    (descr "Through hole straight pin header, 2x03, 2.54mm pitch, double rows")
    (tags "Through hole pin header THT 2x03 2.54mm double row")
    (path /5EA58512)
    (fp_text reference J3 (at 1.27 -2.33 270 unlocked) (layer F.SilkS)
      (effects (font (size 1 1) (thickness 0.15)))
    )
    (fp_text value "EXPANSION HEADER" (at 1.27 7.41 270 unlocked) (layer F.Fab)
      (effects (font (size 1 1) (thickness 0.15)))
    )
    (fp_line (start 4.35 -1.8) (end -1.8 -1.8) (layer F.CrtYd) (width 0.05))
    (fp_line (start 4.35 6.85) (end 4.35 -1.8) (layer F.CrtYd) (width 0.05))
    (fp_line (start -1.8 6.85) (end 4.35 6.85) (layer F.CrtYd) (width 0.05))
    (fp_line (start -1.8 -1.8) (end -1.8 6.85) (layer F.CrtYd) (width 0.05))
    (fp_line (start -1.33 -1.33) (end 0 -1.33) (layer F.SilkS) (width 0.12))
    (fp_line (start -1.33 0) (end -1.33 -1.33) (layer F.SilkS) (width 0.12))
    (fp_line (start 1.27 -1.33) (end 3.87 -1.33) (layer F.SilkS) (width 0.12))
    (fp_line (start 1.27 1.27) (end 1.27 -1.33) (layer F.SilkS) (width 0.12))
    (fp_line (start -1.33 1.27) (end 1.27 1.27) (layer F.SilkS) (width 0.12))
    (fp_line (start 3.87 -1.33) (end 3.87 6.41) (layer F.SilkS) (width 0.12))
    (fp_line (start -1.33 1.27) (end -1.33 6.41) (layer F.SilkS) (width 0.12))
    (fp_line (start -1.33 6.41) (end 3.87 6.41) (layer F.SilkS) (width 0.12))
    (fp_line (start -1.27 0) (end 0 -1.27) (layer F.Fab) (width 0.1))
    (fp_line (start -1.27 6.35) (end -1.27 0) (layer F.Fab) (width 0.1))
    (fp_line (start 3.81 6.35) (end -1.27 6.35) (layer F.Fab) (width 0.1))
    (fp_line (start 3.81 -1.27) (end 3.81 6.35) (layer F.Fab) (width 0.1))
    (fp_line (start 0 -1.27) (end 3.81 -1.27) (layer F.Fab) (width 0.1))
    (fp_line (start 1.27 -1.33) (end 3.87 -1.33) (layer B.SilkS) (width 0.12))
    (fp_line (start 1.27 1.27) (end 1.27 -1.33) (layer B.SilkS) (width 0.12))
    (fp_line (start -1.33 6.41) (end 3.87 6.41) (layer B.SilkS) (width 0.12))
    (fp_line (start 3.87 -1.33) (end 3.87 6.41) (layer B.SilkS) (width 0.12))
    (fp_line (start -1.33 1.27) (end -1.33 6.41) (layer B.SilkS) (width 0.12))
    (fp_line (start -1.33 0) (end -1.33 -1.33) (layer B.SilkS) (width 0.12))
    (fp_line (start -1.33 -1.33) (end 0 -1.33) (layer B.SilkS) (width 0.12))
    (fp_line (start -1.33 1.27) (end 1.27 1.27) (layer B.SilkS) (width 0.12))
    (fp_text user %R (at 1.27 2.54 unlocked) (layer F.Fab)
      (effects (font (size 1 1) (thickness 0.15)))
    )
    (pad 6 thru_hole oval (at 2.54 5.08 90) (size 1.7 1.7) (drill 1) (layers *.Cu *.Mask)
      (net 52 GNDD))
    (pad 5 thru_hole oval (at 0 5.08 90) (size 1.7 1.7) (drill 1) (layers *.Cu *.Mask)
      (net 42 HEADER2))
    (pad 4 thru_hole oval (at 2.54 2.54 90) (size 1.7 1.7) (drill 1) (layers *.Cu *.Mask)
      (net 45 HEADER4))
    (pad 3 thru_hole oval (at 0 2.54 90) (size 1.7 1.7) (drill 1) (layers *.Cu *.Mask)
      (net 44 HEADER1))
    (pad 2 thru_hole oval (at 2.54 0 90) (size 1.7 1.7) (drill 1) (layers *.Cu *.Mask)
      (net 43 HEADER3))
    (pad 1 thru_hole rect (at 0 0 90) (size 1.7 1.7) (drill 1) (layers *.Cu *.Mask)
      (net 51 +5VD))
    (model ${KISYS3DMOD}/Connector_PinHeader_2.54mm.3dshapes/PinHeader_2x03_P2.54mm_Vertical.wrl
      (at (xyz 0 0 0))
      (scale (xyz 1 1 1))
      (rotate (xyz 0 0 0))
    )
  )

  (module promicro:ProMicro (layer F.Cu) (tedit 5A06A962) (tstamp 5F3A5244)
    (at 119.2669 122.84662)
    (descr "Pro Micro footprint")
    (tags "promicro ProMicro")
    (path /5E3248FF)
    (fp_text reference U5 (at 0 -10.16 unlocked) (layer F.SilkS) hide
      (effects (font (size 1 1) (thickness 0.15)))
    )
    (fp_text value ProMicro (at 0.43434 -5.4549 unlocked) (layer F.SilkS)
      (effects (font (size 1 1) (thickness 0.15)))
    )
    (fp_line (start 15.24 -8.89) (end 15.24 8.89) (layer B.SilkS) (width 0.15))
    (fp_line (start 15.24 8.89) (end -15.24 8.89) (layer B.SilkS) (width 0.15))
    (fp_line (start -15.24 8.89) (end -15.24 3.81) (layer B.SilkS) (width 0.15))
    (fp_line (start -15.24 3.81) (end -17.78 3.81) (layer B.SilkS) (width 0.15))
    (fp_line (start -17.78 3.81) (end -17.78 -3.81) (layer B.SilkS) (width 0.15))
    (fp_line (start -17.78 -3.81) (end -15.24 -3.81) (layer B.SilkS) (width 0.15))
    (fp_line (start -15.24 -3.81) (end -15.24 -8.89) (layer B.SilkS) (width 0.15))
    (fp_line (start -15.24 -8.89) (end 15.24 -8.89) (layer B.SilkS) (width 0.15))
    (fp_line (start -15.24 8.89) (end 15.24 8.89) (layer F.SilkS) (width 0.15))
    (fp_line (start -15.24 8.89) (end -15.24 3.81) (layer F.SilkS) (width 0.15))
    (fp_line (start -15.24 3.81) (end -17.78 3.81) (layer F.SilkS) (width 0.15))
    (fp_line (start -17.78 3.81) (end -17.78 -3.81) (layer F.SilkS) (width 0.15))
    (fp_line (start -17.78 -3.81) (end -15.24 -3.81) (layer F.SilkS) (width 0.15))
    (fp_line (start -15.24 -3.81) (end -15.24 -8.89) (layer F.SilkS) (width 0.15))
    (fp_line (start -15.24 -8.89) (end 15.24 -8.89) (layer F.SilkS) (width 0.15))
    (fp_line (start 15.24 -8.89) (end 15.24 8.89) (layer F.SilkS) (width 0.15))
    (pad 1 thru_hole rect (at -13.97 7.62) (size 1.6 1.6) (drill 1.1) (layers *.Cu *.Mask F.SilkS)
      (net 43 HEADER3))
    (pad 2 thru_hole circle (at -11.43 7.62) (size 1.6 1.6) (drill 1.1) (layers *.Cu *.Mask F.SilkS)
      (net 45 HEADER4))
    (pad 3 thru_hole circle (at -8.89 7.62) (size 1.6 1.6) (drill 1.1) (layers *.Cu *.Mask F.SilkS)
      (net 61 GND))
    (pad 4 thru_hole circle (at -6.35 7.62) (size 1.6 1.6) (drill 1.1) (layers *.Cu *.Mask F.SilkS)
      (net 61 GND))
    (pad 5 thru_hole circle (at -3.81 7.62) (size 1.6 1.6) (drill 1.1) (layers *.Cu *.Mask F.SilkS)
      (net 32 ROW2))
    (pad 6 thru_hole circle (at -1.27 7.62) (size 1.6 1.6) (drill 1.1) (layers *.Cu *.Mask F.SilkS)
      (net 33 ROW1))
    (pad 7 thru_hole circle (at 1.27 7.62) (size 1.6 1.6) (drill 1.1) (layers *.Cu *.Mask F.SilkS)
      (net 30 ROW4))
    (pad 8 thru_hole circle (at 3.81 7.62) (size 1.6 1.6) (drill 1.1) (layers *.Cu *.Mask F.SilkS)
      (net 31 ROW3))
    (pad 9 thru_hole circle (at 6.35 7.62) (size 1.6 1.6) (drill 1.1) (layers *.Cu *.Mask F.SilkS)
      (net 44 HEADER1))
    (pad 10 thru_hole circle (at 8.89 7.62) (size 1.6 1.6) (drill 1.1) (layers *.Cu *.Mask F.SilkS)
      (net 42 HEADER2))
    (pad 11 thru_hole circle (at 11.43 7.62) (size 1.6 1.6) (drill 1.1) (layers *.Cu *.Mask F.SilkS)
      (net 57 "Net-(U5-Pad11)"))
    (pad 12 thru_hole circle (at 13.97 7.62) (size 1.6 1.6) (drill 1.1) (layers *.Cu *.Mask F.SilkS)
      (net 58 "Net-(U5-Pad12)"))
    (pad 13 thru_hole circle (at 13.97 -7.62) (size 1.6 1.6) (drill 1.1) (layers *.Cu *.Mask F.SilkS)
      (net 55 "Net-(R6-Pad2)"))
    (pad 14 thru_hole circle (at 11.43 -7.62) (size 1.6 1.6) (drill 1.1) (layers *.Cu *.Mask F.SilkS)
      (net 38 MOSI))
    (pad 15 thru_hole circle (at 8.89 -7.62) (size 1.6 1.6) (drill 1.1) (layers *.Cu *.Mask F.SilkS)
      (net 56 "Net-(R8-Pad1)"))
    (pad 16 thru_hole circle (at 6.35 -7.62) (size 1.6 1.6) (drill 1.1) (layers *.Cu *.Mask F.SilkS)
      (net 35 CLOCK))
    (pad 17 thru_hole circle (at 3.81 -7.62) (size 1.6 1.6) (drill 1.1) (layers *.Cu *.Mask F.SilkS)
      (net 34 LOADCOL))
    (pad 18 thru_hole circle (at 1.27 -7.62) (size 1.6 1.6) (drill 1.1) (layers *.Cu *.Mask F.SilkS)
      (net 39 ~SELECTDAC))
    (pad 19 thru_hole circle (at -1.27 -7.62) (size 1.6 1.6) (drill 1.1) (layers *.Cu *.Mask F.SilkS)
      (net 59 "Net-(U5-Pad19)"))
    (pad 20 thru_hole circle (at -3.81 -7.62) (size 1.6 1.6) (drill 1.1) (layers *.Cu *.Mask F.SilkS)
      (net 60 "Net-(U5-Pad20)"))
    (pad 21 thru_hole circle (at -6.35 -7.62) (size 1.6 1.6) (drill 1.1) (layers *.Cu *.Mask F.SilkS)
      (net 53 "Net-(NT2-Pad2)"))
    (pad 22 thru_hole circle (at -8.89 -7.62) (size 1.6 1.6) (drill 1.1) (layers *.Cu *.Mask F.SilkS)
      (net 48 RST))
    (pad 23 thru_hole circle (at -11.43 -7.62) (size 1.6 1.6) (drill 1.1) (layers *.Cu *.Mask F.SilkS)
      (net 61 GND))
    (pad 24 thru_hole circle (at -13.97 -7.62) (size 1.6 1.6) (drill 1.1) (layers *.Cu *.Mask F.SilkS)
      (net 54 "Net-(U5-Pad24)"))
    (model ${KIPRJMOD}/../libraries/3d_sparkfun_promicro/Pro_Micro.x3d
      (offset (xyz 15.5 -9 3))
      (scale (xyz 0.4 0.4 0.4))
      (rotate (xyz -90 0 90))
    )
  )

  (module Resistor_SMD:R_0805_2012Metric_Pad1.15x1.40mm_HandSolder (layer B.Cu) (tedit 5B36C52B) (tstamp 5F3CF166)
    (at 132.35 122.975)
    (descr "Resistor SMD 0805 (2012 Metric), square (rectangular) end terminal, IPC_7351 nominal with elongated pad for handsoldering. (Body size source: https://docs.google.com/spreadsheets/d/1BsfQQcO9C6DZCsRaXUlFlo91Tg2WpOkGARC1WS5S8t0/edit?usp=sharing), generated with kicad-footprint-generator")
    (tags "resistor handsolder")
    (path /5F3FF7BC)
    (attr virtual)
    (fp_text reference R8 (at -3.1 0.05 unlocked) (layer B.SilkS)
      (effects (font (size 1 1) (thickness 0.15)) (justify mirror))
    )
    (fp_text value "Not Mounted" (at -7.275 0.1) (layer B.Fab)
      (effects (font (size 1 1) (thickness 0.15)) (justify mirror))
    )
    (fp_line (start -1 -0.6) (end -1 0.6) (layer B.Fab) (width 0.1))
    (fp_line (start -1 0.6) (end 1 0.6) (layer B.Fab) (width 0.1))
    (fp_line (start 1 0.6) (end 1 -0.6) (layer B.Fab) (width 0.1))
    (fp_line (start 1 -0.6) (end -1 -0.6) (layer B.Fab) (width 0.1))
    (fp_line (start -0.261252 0.71) (end 0.261252 0.71) (layer B.SilkS) (width 0.12))
    (fp_line (start -0.261252 -0.71) (end 0.261252 -0.71) (layer B.SilkS) (width 0.12))
    (fp_line (start -1.85 -0.95) (end -1.85 0.95) (layer B.CrtYd) (width 0.05))
    (fp_line (start -1.85 0.95) (end 1.85 0.95) (layer B.CrtYd) (width 0.05))
    (fp_line (start 1.85 0.95) (end 1.85 -0.95) (layer B.CrtYd) (width 0.05))
    (fp_line (start 1.85 -0.95) (end -1.85 -0.95) (layer B.CrtYd) (width 0.05))
    (fp_text user %R (at 0 0) (layer B.Fab)
      (effects (font (size 0.5 0.5) (thickness 0.08)) (justify mirror))
    )
    (pad 2 smd roundrect (at 1.025 0) (size 1.15 1.4) (layers B.Cu B.Paste B.Mask) (roundrect_rratio 0.217391)
      (net 52 GNDD))
    (pad 1 smd roundrect (at -1.025 0) (size 1.15 1.4) (layers B.Cu B.Paste B.Mask) (roundrect_rratio 0.217391)
      (net 56 "Net-(R8-Pad1)"))
    (model ${KISYS3DMOD}/Resistor_SMD.3dshapes/R_0805_2012Metric.wrl
      (at (xyz 0 0 0))
      (scale (xyz 1 1 1))
      (rotate (xyz 0 0 0))
    )
  )

  (module Resistor_SMD:R_0805_2012Metric_Pad1.15x1.40mm_HandSolder (layer B.Cu) (tedit 5B36C52B) (tstamp 5F3A45D3)
    (at 132.35 118.975 180)
    (descr "Resistor SMD 0805 (2012 Metric), square (rectangular) end terminal, IPC_7351 nominal with elongated pad for handsoldering. (Body size source: https://docs.google.com/spreadsheets/d/1BsfQQcO9C6DZCsRaXUlFlo91Tg2WpOkGARC1WS5S8t0/edit?usp=sharing), generated with kicad-footprint-generator")
    (tags "resistor handsolder")
    (path /5F3A43C9)
    (attr virtual)
    (fp_text reference R6 (at 3.1 -0.05 unlocked) (layer B.SilkS)
      (effects (font (size 1 1) (thickness 0.15)) (justify mirror))
    )
    (fp_text value "Not Mounted" (at 7.075 0.075) (layer B.Fab)
      (effects (font (size 1 1) (thickness 0.15)) (justify mirror))
    )
    (fp_line (start -1 -0.6) (end -1 0.6) (layer B.Fab) (width 0.1))
    (fp_line (start -1 0.6) (end 1 0.6) (layer B.Fab) (width 0.1))
    (fp_line (start 1 0.6) (end 1 -0.6) (layer B.Fab) (width 0.1))
    (fp_line (start 1 -0.6) (end -1 -0.6) (layer B.Fab) (width 0.1))
    (fp_line (start -0.261252 0.71) (end 0.261252 0.71) (layer B.SilkS) (width 0.12))
    (fp_line (start -0.261252 -0.71) (end 0.261252 -0.71) (layer B.SilkS) (width 0.12))
    (fp_line (start -1.85 -0.95) (end -1.85 0.95) (layer B.CrtYd) (width 0.05))
    (fp_line (start -1.85 0.95) (end 1.85 0.95) (layer B.CrtYd) (width 0.05))
    (fp_line (start 1.85 0.95) (end 1.85 -0.95) (layer B.CrtYd) (width 0.05))
    (fp_line (start 1.85 -0.95) (end -1.85 -0.95) (layer B.CrtYd) (width 0.05))
    (fp_text user %R (at 0 0) (layer B.Fab)
      (effects (font (size 0.5 0.5) (thickness 0.08)) (justify mirror))
    )
    (pad 2 smd roundrect (at 1.025 0 180) (size 1.15 1.4) (layers B.Cu B.Paste B.Mask) (roundrect_rratio 0.217391)
      (net 55 "Net-(R6-Pad2)"))
    (pad 1 smd roundrect (at -1.025 0 180) (size 1.15 1.4) (layers B.Cu B.Paste B.Mask) (roundrect_rratio 0.217391)
      (net 51 +5VD))
    (model ${KISYS3DMOD}/Resistor_SMD.3dshapes/R_0805_2012Metric.wrl
      (at (xyz 0 0 0))
      (scale (xyz 1 1 1))
      (rotate (xyz 0 0 0))
    )
  )

  (module TH-XWhatsIt:tooling_hole (layer F.Cu) (tedit 5F3A67C4) (tstamp 5F3A7840)
    (at 105.45 127.6)
    (fp_text reference REF** (at 0 -11.5 unlocked) (layer F.SilkS) hide
      (effects (font (size 1 1) (thickness 0.15)))
    )
    (fp_text value tooling_hole (at 0 -12.5 unlocked) (layer F.Fab) hide
      (effects (font (size 1 1) (thickness 0.15)))
    )
    (pad "" np_thru_hole circle (at 0 0) (size 1.152 1.152) (drill 1.152) (layers *.Cu *.Mask)
      (solder_mask_margin 0.148))
  )

  (module TH-XWhatsIt:tooling_hole (layer F.Cu) (tedit 5F3A67C4) (tstamp 5F3A77EC)
    (at 259.8 130.55)
    (fp_text reference REF** (at 0 -11.5 unlocked) (layer F.SilkS) hide
      (effects (font (size 1 1) (thickness 0.15)))
    )
    (fp_text value tooling_hole (at 0 -12.5 unlocked) (layer F.Fab) hide
      (effects (font (size 1 1) (thickness 0.15)))
    )
    (pad "" np_thru_hole circle (at 0 0) (size 1.152 1.152) (drill 1.152) (layers *.Cu *.Mask)
      (solder_mask_margin 0.148))
  )

  (module TH-XWhatsIt:ChassisGnd (layer B.Cu) (tedit 5F3A08F8) (tstamp 5F3A9C99)
    (at 263.35 130.45)
    (descr "Mounting Hole 2.2mm, M2")
    (tags "mounting hole 2.2mm m2")
    (path /5F40984F)
    (attr virtual)
    (fp_text reference H1 (at 0 3.2 unlocked) (layer B.SilkS) hide
      (effects (font (size 1 1) (thickness 0.15)) (justify mirror))
    )
    (fp_text value MountingHole_Pad (at 0 -2.6 unlocked) (layer B.Fab)
      (effects (font (size 1 1) (thickness 0.15)) (justify mirror))
    )
    (fp_circle (center 0 0) (end 1.6 0) (layer B.CrtYd) (width 0.05))
    (fp_circle (center 0 0) (end 2.2 0) (layer Cmts.User) (width 0.15))
    (fp_circle (center 0 0) (end 2 0) (layer B.SilkS) (width 0.3))
    (fp_text user "CHASSIS GND" (at -6.5 -2.25 unlocked) (layer B.SilkS) hide
      (effects (font (size 1 1) (thickness 0.15)) (justify mirror))
    )
    (fp_text user %R (at 0.3 0 unlocked) (layer B.Fab)
      (effects (font (size 1 1) (thickness 0.15)) (justify mirror))
    )
    (pad 1 thru_hole circle (at 0 0) (size 3 3) (drill 1.5) (layers *.Cu *.Mask)
      (net 40 GNDA))
  )

  (module Resistor_SMD:R_0805_2012Metric_Pad1.15x1.40mm_HandSolder (layer B.Cu) (tedit 5B36C52B) (tstamp 5F3A45E4)
    (at 132.35 120.975)
    (descr "Resistor SMD 0805 (2012 Metric), square (rectangular) end terminal, IPC_7351 nominal with elongated pad for handsoldering. (Body size source: https://docs.google.com/spreadsheets/d/1BsfQQcO9C6DZCsRaXUlFlo91Tg2WpOkGARC1WS5S8t0/edit?usp=sharing), generated with kicad-footprint-generator")
    (tags "resistor handsolder")
    (path /5F3A4C74)
    (attr virtual)
    (fp_text reference R7 (at -3.1 0 unlocked) (layer B.SilkS)
      (effects (font (size 1 1) (thickness 0.15)) (justify mirror))
    )
    (fp_text value "Not Mounted" (at -7 0.025 unlocked) (layer B.Fab)
      (effects (font (size 1 1) (thickness 0.15)) (justify mirror))
    )
    (fp_line (start -1 -0.6) (end -1 0.6) (layer B.Fab) (width 0.1))
    (fp_line (start -1 0.6) (end 1 0.6) (layer B.Fab) (width 0.1))
    (fp_line (start 1 0.6) (end 1 -0.6) (layer B.Fab) (width 0.1))
    (fp_line (start 1 -0.6) (end -1 -0.6) (layer B.Fab) (width 0.1))
    (fp_line (start -0.261252 0.71) (end 0.261252 0.71) (layer B.SilkS) (width 0.12))
    (fp_line (start -0.261252 -0.71) (end 0.261252 -0.71) (layer B.SilkS) (width 0.12))
    (fp_line (start -1.85 -0.95) (end -1.85 0.95) (layer B.CrtYd) (width 0.05))
    (fp_line (start -1.85 0.95) (end 1.85 0.95) (layer B.CrtYd) (width 0.05))
    (fp_line (start 1.85 0.95) (end 1.85 -0.95) (layer B.CrtYd) (width 0.05))
    (fp_line (start 1.85 -0.95) (end -1.85 -0.95) (layer B.CrtYd) (width 0.05))
    (fp_text user %R (at 0 0 unlocked) (layer B.Fab)
      (effects (font (size 0.5 0.5) (thickness 0.08)) (justify mirror))
    )
    (pad 2 smd roundrect (at 1.025 0) (size 1.15 1.4) (layers B.Cu B.Paste B.Mask) (roundrect_rratio 0.217391)
      (net 52 GNDD))
    (pad 1 smd roundrect (at -1.025 0) (size 1.15 1.4) (layers B.Cu B.Paste B.Mask) (roundrect_rratio 0.217391)
      (net 55 "Net-(R6-Pad2)"))
    (model ${KISYS3DMOD}/Resistor_SMD.3dshapes/R_0805_2012Metric.wrl
      (at (xyz 0 0 0))
      (scale (xyz 1 1 1))
      (rotate (xyz 0 0 0))
    )
  )

  (module NetTie:NetTie-3_THT_Pad0.3mm (layer B.Cu) (tedit 5F3C13CC) (tstamp 5F3A1867)
    (at 111.72198 117.4034)
    (descr "Net tie, 3 pin, 0.3mm round THT pads")
    (tags "net tie")
    (path /5F6D1B28)
    (attr virtual)
    (fp_text reference NT2 (at 1.2 1.3 unlocked) (layer B.SilkS) hide
      (effects (font (size 1 1) (thickness 0.15)) (justify mirror))
    )
    (fp_text value Net-Tie_3 (at 1.2 -1.3 unlocked) (layer B.Fab)
      (effects (font (size 1 1) (thickness 0.15)) (justify mirror))
    )
    (fp_poly (pts (xy 0 0.3) (xy 2.4 0.3) (xy 2.4 -0.3) (xy 0 -0.3)) (layer B.Cu) (width 0))
    (fp_poly (pts (xy 0 0.3) (xy 2.4 0.3) (xy 2.4 -0.3) (xy 0 -0.3)) (layer F.Cu) (width 0))
    (fp_line (start -0.55 -0.55) (end -0.55 0.55) (layer B.CrtYd) (width 0.05))
    (fp_line (start 2.95 -0.55) (end -0.55 -0.55) (layer B.CrtYd) (width 0.05))
    (fp_line (start 2.95 0.55) (end 2.95 -0.55) (layer B.CrtYd) (width 0.05))
    (fp_line (start -0.55 0.55) (end 2.95 0.55) (layer B.CrtYd) (width 0.05))
    (pad 1 thru_hole circle (at 0 0) (size 0.6 0.6) (drill 0.3) (layers *.Cu)
      (net 51 +5VD) (zone_connect 2))
    (pad 2 thru_hole circle (at 1.2 0) (size 0.6 0.6) (drill 0.3) (layers *.Cu)
      (net 53 "Net-(NT2-Pad2)") (zone_connect 2))
    (pad 3 thru_hole circle (at 2.4 0) (size 0.6 0.6) (drill 0.3) (layers *.Cu)
      (net 41 +5VA) (zone_connect 2))
  )

  (module NetTie:NetTie-3_THT_Pad0.3mm (layer B.Cu) (tedit 5F3C13AE) (tstamp 5F3A185B)
    (at 110.60184 126.5474)
    (descr "Net tie, 3 pin, 0.3mm round THT pads")
    (tags "net tie")
    (path /5F6D07D8)
    (attr virtual)
    (fp_text reference NT1 (at 1.2 1.3 unlocked) (layer B.SilkS) hide
      (effects (font (size 1 1) (thickness 0.15)) (justify mirror))
    )
    (fp_text value Net-Tie_3 (at 1.2 -1.3 unlocked) (layer B.Fab)
      (effects (font (size 1 1) (thickness 0.15)) (justify mirror))
    )
    (fp_poly (pts (xy 0 0.3) (xy 2.4 0.3) (xy 2.4 -0.3) (xy 0 -0.3)) (layer B.Cu) (width 0))
    (fp_poly (pts (xy 0 0.3) (xy 2.4 0.3) (xy 2.4 -0.3) (xy 0 -0.3)) (layer F.Cu) (width 0))
    (fp_line (start -0.55 -0.55) (end -0.55 0.55) (layer B.CrtYd) (width 0.05))
    (fp_line (start 2.95 -0.55) (end -0.55 -0.55) (layer B.CrtYd) (width 0.05))
    (fp_line (start 2.95 0.55) (end 2.95 -0.55) (layer B.CrtYd) (width 0.05))
    (fp_line (start -0.55 0.55) (end 2.95 0.55) (layer B.CrtYd) (width 0.05))
    (pad 1 thru_hole circle (at 0 0) (size 0.6 0.6) (drill 0.3) (layers *.Cu)
      (net 52 GNDD) (zone_connect 2))
    (pad 2 thru_hole circle (at 1.2 0) (size 0.6 0.6) (drill 0.3) (layers *.Cu)
      (net 61 GND) (zone_connect 2))
    (pad 3 thru_hole circle (at 2.4 0) (size 0.6 0.6) (drill 0.3) (layers *.Cu)
      (net 40 GNDA) (zone_connect 2))
  )

  (module Resistor_SMD:R_0805_2012Metric_Pad1.15x1.40mm_HandSolder (layer B.Cu) (tedit 5B36C52B) (tstamp 5F38ADCF)
    (at 242.68296 127.60252 270)
    (descr "Resistor SMD 0805 (2012 Metric), square (rectangular) end terminal, IPC_7351 nominal with elongated pad for handsoldering. (Body size source: https://docs.google.com/spreadsheets/d/1BsfQQcO9C6DZCsRaXUlFlo91Tg2WpOkGARC1WS5S8t0/edit?usp=sharing), generated with kicad-footprint-generator")
    (tags "resistor handsolder")
    (path /5E365BE0)
    (attr smd)
    (fp_text reference R5 (at 2.39748 0.00796 unlocked) (layer B.SilkS)
      (effects (font (size 1 1) (thickness 0.15)) (justify mirror))
    )
    (fp_text value 4K7 (at 0 -1.65 90 unlocked) (layer B.Fab)
      (effects (font (size 1 1) (thickness 0.15)) (justify mirror))
    )
    (fp_line (start 1.85 -0.95) (end -1.85 -0.95) (layer B.CrtYd) (width 0.05))
    (fp_line (start 1.85 0.95) (end 1.85 -0.95) (layer B.CrtYd) (width 0.05))
    (fp_line (start -1.85 0.95) (end 1.85 0.95) (layer B.CrtYd) (width 0.05))
    (fp_line (start -1.85 -0.95) (end -1.85 0.95) (layer B.CrtYd) (width 0.05))
    (fp_line (start -0.261252 -0.71) (end 0.261252 -0.71) (layer B.SilkS) (width 0.12))
    (fp_line (start -0.261252 0.71) (end 0.261252 0.71) (layer B.SilkS) (width 0.12))
    (fp_line (start 1 -0.6) (end -1 -0.6) (layer B.Fab) (width 0.1))
    (fp_line (start 1 0.6) (end 1 -0.6) (layer B.Fab) (width 0.1))
    (fp_line (start -1 0.6) (end 1 0.6) (layer B.Fab) (width 0.1))
    (fp_line (start -1 -0.6) (end -1 0.6) (layer B.Fab) (width 0.1))
    (fp_text user %R (at 0 0 90 unlocked) (layer B.Fab)
      (effects (font (size 0.5 0.5) (thickness 0.08)) (justify mirror))
    )
    (pad 2 smd roundrect (at 1.025 0 270) (size 1.15 1.4) (layers B.Cu B.Paste B.Mask) (roundrect_rratio 0.217391)
      (net 28 SETPOINT))
    (pad 1 smd roundrect (at -1.025 0 270) (size 1.15 1.4) (layers B.Cu B.Paste B.Mask) (roundrect_rratio 0.217391)
      (net 40 GNDA))
    (model ${KISYS3DMOD}/Resistor_SMD.3dshapes/R_0805_2012Metric.wrl
      (at (xyz 0 0 0))
      (scale (xyz 1 1 1))
      (rotate (xyz 0 0 0))
    )
  )

  (module Resistor_SMD:R_0805_2012Metric_Pad1.15x1.40mm_HandSolder (layer B.Cu) (tedit 5B36C52B) (tstamp 5F38AD7B)
    (at 236.92732 129.45926 180)
    (descr "Resistor SMD 0805 (2012 Metric), square (rectangular) end terminal, IPC_7351 nominal with elongated pad for handsoldering. (Body size source: https://docs.google.com/spreadsheets/d/1BsfQQcO9C6DZCsRaXUlFlo91Tg2WpOkGARC1WS5S8t0/edit?usp=sharing), generated with kicad-footprint-generator")
    (tags "resistor handsolder")
    (path /5E362740)
    (attr smd)
    (fp_text reference R4 (at 1.07732 -1.51574 unlocked) (layer B.SilkS)
      (effects (font (size 1 1) (thickness 0.15)) (justify mirror))
    )
    (fp_text value 20K (at 0 -1.65 unlocked) (layer B.Fab)
      (effects (font (size 1 1) (thickness 0.15)) (justify mirror))
    )
    (fp_line (start 1.85 -0.95) (end -1.85 -0.95) (layer B.CrtYd) (width 0.05))
    (fp_line (start 1.85 0.95) (end 1.85 -0.95) (layer B.CrtYd) (width 0.05))
    (fp_line (start -1.85 0.95) (end 1.85 0.95) (layer B.CrtYd) (width 0.05))
    (fp_line (start -1.85 -0.95) (end -1.85 0.95) (layer B.CrtYd) (width 0.05))
    (fp_line (start -0.261252 -0.71) (end 0.261252 -0.71) (layer B.SilkS) (width 0.12))
    (fp_line (start -0.261252 0.71) (end 0.261252 0.71) (layer B.SilkS) (width 0.12))
    (fp_line (start 1 -0.6) (end -1 -0.6) (layer B.Fab) (width 0.1))
    (fp_line (start 1 0.6) (end 1 -0.6) (layer B.Fab) (width 0.1))
    (fp_line (start -1 0.6) (end 1 0.6) (layer B.Fab) (width 0.1))
    (fp_line (start -1 -0.6) (end -1 0.6) (layer B.Fab) (width 0.1))
    (fp_text user %R (at 0 0 unlocked) (layer B.Fab)
      (effects (font (size 0.5 0.5) (thickness 0.08)) (justify mirror))
    )
    (pad 2 smd roundrect (at 1.025 0 180) (size 1.15 1.4) (layers B.Cu B.Paste B.Mask) (roundrect_rratio 0.217391)
      (net 29 "Net-(R4-Pad2)"))
    (pad 1 smd roundrect (at -1.025 0 180) (size 1.15 1.4) (layers B.Cu B.Paste B.Mask) (roundrect_rratio 0.217391)
      (net 28 SETPOINT))
    (model ${KISYS3DMOD}/Resistor_SMD.3dshapes/R_0805_2012Metric.wrl
      (at (xyz 0 0 0))
      (scale (xyz 1 1 1))
      (rotate (xyz 0 0 0))
    )
  )

  (module Resistor_SMD:R_0805_2012Metric_Pad1.15x1.40mm_HandSolder (layer B.Cu) (tedit 5B36C52B) (tstamp 5F3A9314)
    (at 240.24202 127.23168 90)
    (descr "Resistor SMD 0805 (2012 Metric), square (rectangular) end terminal, IPC_7351 nominal with elongated pad for handsoldering. (Body size source: https://docs.google.com/spreadsheets/d/1BsfQQcO9C6DZCsRaXUlFlo91Tg2WpOkGARC1WS5S8t0/edit?usp=sharing), generated with kicad-footprint-generator")
    (tags "resistor handsolder")
    (path /5E365666)
    (attr smd)
    (fp_text reference R3 (at -2.39332 -0.01702 unlocked) (layer B.SilkS)
      (effects (font (size 1 1) (thickness 0.15)) (justify mirror))
    )
    (fp_text value 20K (at 0 -1.65 90 unlocked) (layer B.Fab)
      (effects (font (size 1 1) (thickness 0.15)) (justify mirror))
    )
    (fp_line (start 1.85 -0.95) (end -1.85 -0.95) (layer B.CrtYd) (width 0.05))
    (fp_line (start 1.85 0.95) (end 1.85 -0.95) (layer B.CrtYd) (width 0.05))
    (fp_line (start -1.85 0.95) (end 1.85 0.95) (layer B.CrtYd) (width 0.05))
    (fp_line (start -1.85 -0.95) (end -1.85 0.95) (layer B.CrtYd) (width 0.05))
    (fp_line (start -0.261252 -0.71) (end 0.261252 -0.71) (layer B.SilkS) (width 0.12))
    (fp_line (start -0.261252 0.71) (end 0.261252 0.71) (layer B.SilkS) (width 0.12))
    (fp_line (start 1 -0.6) (end -1 -0.6) (layer B.Fab) (width 0.1))
    (fp_line (start 1 0.6) (end 1 -0.6) (layer B.Fab) (width 0.1))
    (fp_line (start -1 0.6) (end 1 0.6) (layer B.Fab) (width 0.1))
    (fp_line (start -1 -0.6) (end -1 0.6) (layer B.Fab) (width 0.1))
    (fp_text user %R (at 0 0 90 unlocked) (layer B.Fab)
      (effects (font (size 0.5 0.5) (thickness 0.08)) (justify mirror))
    )
    (pad 2 smd roundrect (at 1.025 0 90) (size 1.15 1.4) (layers B.Cu B.Paste B.Mask) (roundrect_rratio 0.217391)
      (net 41 +5VA))
